283
157
634
766
763
896
460
726
392
182
308
654
988
331
668
378
19
145
70
635
401
950
645
983
357
679
196
353
139
124
580
362
637
274
562
812
370
441
541
805
652
157
474
429
820
497
534
444
406
727
262
546
669
224
159
753
804
147
74
537
287
577
726
832
708
993
178
941
731
34
335
923
373
567
767
650
314
516
959
645
837
88
116
50
459
646
535
700
721
571
66
431
971
86
153
241
88
804
627
960
534
991
795
761
17
152
948
144
221
991
335
48
515
151
636
957
64
20
98
610
583
310
779
317
52
705
558
445
910
144
542
149
461
742
175
612
458
602
39
703
805
866
757
11
639
446
771
443
319
182
370
495
625
878
2
523
327
985
301
347
628
242
218
939
356
110
725
295
59
79
698
909
395
16
857
6
572
12
584
571
317
659
223
656
930
600
826
725
649
477
964
735
616
364
567
537
393
157
63
336
814
231
767
196
566
986
129
964
730
237
514
541
573
449
904
429
507
401
575
908
607
394
704
763
926
767
66
11
886
978
631
107
761
550
151
966
963
298
120
643
401
991
636
346
912
552
953
884
815
4
204
485
402
70
846
15
881
604
3
868
881
771
449
918
268
639
645
826
981
299
34
182
150
916
188
638
33
665
58
419
901
225
465
775
630
929
470
220
588
427
920
559
837
847
296
37
387
766
761
472
360
930
630
618
573
374
247
455
464
846
846
398
773
894
239
467
76
830
697
115
592
158
478
909
804
766
758
719
756
668
567
182
657
516
711
792
670
726
81
533
834
500
279
980
683
386
748
535
405
181
519
5
670
182
690
569
441
329
576
703
51
721
211
112
47
874
935
872
714
144
933
983
108
261
265
679
561
611
908
544
784
151
989
88
329
606
153
839
270
115
281
537
544
844
642
827
381
87
786
469
706
912
578
440
251
885
573
125
350
655
163
145
570
988
401
359
913
26
537
0
1
453
80
820
730
569
811
775
232
476
682
296
308
732
38
105
624
583
541
999
155
939
145
476
665
886
849
817
443
407
526
759
493
732
3
470
570
127
617
171
847
917
190
842
106
937
554
147
569
770
625
386
998
557
366
736
806
392
438
728
394
517
278
453
231
134
648
397
212
443
922
259
389
40
706
774
532
667
152
580
290
358
770
577
463
395
293
511
773
250
864
284
210
700
947
900
350
679
803
109
967
310
908
952
453
713
251
191
949
876
408
746
780
255
634
438
419
350
291
850
508
143
801
405
802
944
837
675
572
217
985
792
856
317
726
553
296
122
867
822
351
237
949
167
45
839
755
12
994
185
129
549
208
188
252
762
746
514
226
432
150
398
332
541
780
617
835
348
69
648
579
175
664
722
777
392
452
763
433
275
128
240
70
193
185
47
801
502
519
75
50
432
513
546
187
69
987
695
510
166
959
774
307
970
764
416
347
118
125
863
474
81
257
418
73
410
494
670
400
300
937
297
913
382
941
808
669
50
63
687
716
980
763
834
569
944
89
332
413
693
526
434
452
692
666
214
515
270
301
924
168
253
735
465
751
74
388
982
607
544
315
266
75
783
22
814
752
454
558
209
84
567
692
192
477
614
74
33
828
735
129
318
500
795
120
675
932
592
670
42
35
192
871
572
917
992
818
86
560
735
132
928
95
97
197
596
27
755
990
407
513
16
569
719
619
965
413
426
196
194
164
755
879
64
703
718
48
914
193
19
152
379
337
893
832
446
257
234
557
844
960
1
282
138
13
288
803
660
775
250
649
288
690
821
40
435
85
270
925
994
88
98
116
954
232
875
551
834
279
182
943
740
467
586
841
798
464
475
486
741
751
247
618
855
163
334
903
869
723
864
992
432
572
537
335
852
380
726
679
576
548
260
453
181
378
51
293
873
860
579
253
662
576
136
909
233
995
102
263
879
448
439
997
328
977
923
722
979
70
208
955
59
284
114
288
984
372
970
744
575
936
820
297
659
698
157
865
861
165
903
734
692
598
276
968
434
20
64
26
264
604
774
760
810
544
966
801
732
705
553
758
689
105
772
890
56
438
367
547
522
517
558
128
214
247
854
672
803
449
651
607
570
947
215
576
555
491
825
741
172
201
392
244
224
134
819
448
642
387
482
557
76
296
108
84
113
602
422
839
372
32
975
7
545
678
931
482
868
302
317
496
209
394
19
70
650
241
640
268
425
505
934
826
848
345
439
227
119
985
802
417
424
958
153
148
930
494
991
72
170
576
672
585
448
569
862
278
157
244
724
351
631
495
265
349
338
792
687
696
148